Anther	Ear	Early prophase meiocytes	Embryo	Endosperm	Leaf	Pollen	Root	Seed	Shoot apical meristem	Stalk	Silk	Tassel	Vegetative apex	maxZ	modH	tissues
zma-MIR164a	-0.37028046845127	-0.261588709646883	-0.375021768875226	-0.332357531633001	-0.332311795043484	-0.105817558211906	-0.377707734218665	-0.165061669358387	-0.0752420366528246	-0.376589995029981	-0.328522486918308	3.45414253920242	-0.214129220853728	-0.139511564308755	3.45414253920242	1.68879013137217	Silk
zma-MIR164c	-0.36777818471542	-0.263197786825974	-0.372061752588678	-0.33179780458013	-0.331689068513561	-0.101309098817215	-0.375109696095049	-0.171730770802482	-0.0858051757171231	-0.373767810056302	-0.314711815497334	3.45551506752736	-0.219277957201183	-0.147278146116906	3.45551506752736	1.64866225734444	Silk
zma-MIR164d	-0.370648744336995	-0.262101558874066	-0.375390397786053	-0.332498854914336	-0.332677243878906	-0.103551604988231	-0.378076563119601	-0.16541466517726	-0.0755883447315953	-0.376670315010578	-0.32742407441944	3.45405902007137	-0.214153995102145	-0.13986265773216	3.45405902007137	1.68920839020689	Silk
zma-MIR164e	-0.406865534234805	-0.39827528208592	-0.406865534234805	-0.255679280915127	-0.29400673005145	0.196282190976045	-0.406865534234805	3.36029433335723	0.420655717271967	-0.406865534234805	-0.39535791729987	-0.396622454362462	-0.202962905716387	-0.406865534234805	3.36029433335723	1.62416850372555	Root
zma-MIR164g	-0.364339471941727	-0.263029479389428	-0.373071626661498	-0.332884104081037	-0.333538702604545	-0.102471756244219	-0.378927356714849	-0.169243446357536	-0.0765101983415001	-0.37617138076642	-0.328485405510245	3.45436866997068	-0.216032592405261	-0.139663148952422	3.45436866997068	1.67778610040593	Silk
zma-MIR169a	-0.315668926115874	-0.251873880200571	-0.315370373204405	-0.3562522999817	-0.371664176668594	0.217838319573529	-0.371664176668594	-0.340955554803334	-0.371664176668594	-0.369216666952165	0.0958853387698351	3.41511689804434	-0.292846148455284	-0.371664176668594	3.41511689804434	1.46883400660298	Silk
zma-MIR169b	-0.281712713240999	-0.233624733692979	-0.219922003196979	-0.322997535697375	-0.318857886503172	0.11192356137373	-0.329647086756191	-0.321497435498575	-0.302793711261679	-0.329647086756191	-0.329647086756191	3.45114050443137	-0.24306969968858	-0.329647086756191	3.45114050443137	1.07751082120325	Silk
zma-MIR169m	-0.290491848023009	-0.309887039014495	-0.298337237859945	-0.297542703756636	-0.309887039014495	3.46876319455367	-0.309887039014495	-0.140763633328848	-0.309887039014495	-0.16617991584741	-0.281933810322797	-0.228743251709441	-0.215335598633113	-0.309887039014495	3.46876319455367	0.874400445554527	Leaf
zma-MIR169n	-0.25869131169659	-0.280317002914964	-0.262609667766896	-0.261391544487924	-0.280317002914964	3.47398938730606	-0.280317002914964	-0.276243354042602	-0.280317002914964	-0.22729782828617	-0.247972474892776	-0.270737080511779	-0.267461111046497	-0.280317002914964	3.47398938730606	0.367309747744102	Leaf
zma-MIR169r	-0.389215614443131	-0.17911802951586	-0.389215614443131	-0.37470640191489	-0.389215614443131	-0.0766114760035967	-0.375841521924609	-0.292193845810039	-0.344802228231047	-0.389215614443131	-0.389215614443131	3.42003183496794	0.0225167139284848	0.146803026719278	3.42003183496794	1.62624499417391	Silk
zma-MIR171d	-0.307051310739031	-0.256194703149209	-0.303063292023435	-0.199899069294424	3.46947474304524	-0.299775160211252	-0.296666410281415	-0.311523387284251	-0.291535889515985	-0.310680063623851	-0.271640576689627	-0.152139419324897	-0.17331448705289	-0.295990973854978	3.46947474304524	0.815797247226797	Endosperm
zma-MIR171e	-0.30773770110387	-0.256615897957177	-0.303720603221828	-0.200539432449012	3.46934286782603	-0.299428321221286	-0.29732925924898	-0.312173374593189	-0.291097556860498	-0.311242614484242	-0.270918130232167	-0.148541642941205	-0.173317975369543	-0.296680358143029	3.46934286782603	0.826195547843261	Endosperm
zma-MIR171f	-0.30131722478689	-0.249965257718167	-0.295432668454344	-0.19314202566768	3.47020532579508	-0.29416643824095	-0.28886121112228	-0.303604594265653	-0.284871361831947	-0.304551752221918	-0.303041241149651	-0.180707223635701	-0.169823664445833	-0.300720662254064	3.47020532579508	0.757240816633264	Endosperm
zma-MIR171i	-0.301605491747743	-0.250237766347542	-0.295719129626742	-0.193397097003461	3.47022183537632	-0.294452510846432	-0.285085037105725	-0.304077234460846	-0.285447793676579	-0.304841011759266	-0.303330037157839	-0.18067046701837	-0.170349512477462	-0.301008746148314	3.47022183537632	0.765286581501772	Endosperm
zma-MIR172_N1	-0.271237087416299	-0.271237087416299	-0.271237087416299	-0.271237087416299	-0.271237087416299	-0.266398387931858	-0.25434246325401	3.47426150675509	-0.271237087416299	-0.271237087416299	-0.271237087416299	-0.241149781406228	-0.271237087416299	-0.271237087416299	3.47426150675509	0.121865865928077	Root
zma-MIR2275c	3.06807226983735	-0.371491595928668	1.38961159631166	-0.371491595928668	-0.371491595928668	-0.371479511417073	-0.371491595928668	-0.371491595928668	-0.371491595928668	-0.371288395445252	-0.371491595928668	-0.371491595928668	-0.371491595928668	-0.371491595928668	3.06807226983735	0.924138962437552	Anther
zma-MIR393a	-0.349094921583513	-0.334467095417138	-0.349772005850729	-0.169619106837514	3.44675913347615	0.110634994154849	-0.357324183684566	-0.282749206097249	-0.304864732401888	-0.354239834047663	-0.275559959466427	-0.191700394601736	-0.21932601181117	-0.368676675831404	3.44675913347615	1.44756003229179	Endosperm
zma-MIR393b	-0.317229275054035	-0.335141495387485	-0.320702254056462	-0.145367364132282	3.44707649796682	0.121733556481593	-0.328341750503651	-0.237255261359243	-0.325004116026417	-0.345354220735963	-0.336059844800665	-0.260179465765194	-0.258031667631172	-0.360143338995844	3.44707649796682	1.23091007648509	Endosperm
zma-MIR393c	-0.349031526959517	-0.33440387247111	-0.349708603280203	-0.169557818612845	3.44677797845183	0.110670268256483	-0.357260692478686	-0.282686590132876	-0.30480185688093	-0.354176379040933	-0.275497427877903	-0.19244628737858	-0.219264140206554	-0.368613051388175	3.44677797845183	1.44679825809766	Endosperm
zma-MIR399a	-0.402766738570296	-0.317650941085097	-0.402766738570296	-0.402766738570296	-0.322013040552869	3.40407833333341	-0.402766738570296	0.0261267092659053	-0.402766738570296	0.249439413841893	-0.402766738570296	-0.0946516570205536	-0.157847781025174	-0.370880605335739	3.40407833333341	1.77921917621411	Leaf
zma-MIR399b	0.29359059972112	-0.405420155828805	0.0239336317644866	-0.397618676973788	-0.405420155828805	3.37080992761217	-0.219542284163841	-0.405420155828805	-0.405420155828805	0.172188048670284	-0.405420155828805	-0.405420155828805	-0.405420155828805	-0.405420155828805	3.37080992761217	1.55507599921963	Leaf
zma-MIR399c	-0.296626442285055	-0.279187875340758	-0.296626442285055	-0.296626442285055	-0.281586345023373	3.47166511762916	-0.296626442285055	-0.216746519399513	-0.281135746337382	-0.16367900841443	-0.296626442285055	-0.235874307999904	-0.239635343555754	-0.290687760132775	3.47166511762916	0.680427314191037	Leaf
zma-MIR399d	-0.313699172164882	-0.341753973925066	-0.341753973925066	-0.341753973925066	-0.341753973925066	3.36662067265541	-0.225751573947718	-0.341753973925066	-0.341753973925066	0.590369812707852	-0.341753973925066	-0.341753973925066	-0.341753973925066	-0.341753973925066	3.36662067265541	0.918223982885807	Leaf
zma-MIR399e	-0.351057103922209	-0.321186693653699	-0.369285111198467	-0.369946593298581	-0.375712278178489	3.32286052408607	-0.375712278178489	-0.365462754036019	-0.375712278178489	0.738477763390691	-0.369465341432272	-0.211464145661764	-0.220084535625847	-0.356249174112441	3.32286052408607	1.30056654242312	Leaf
zma-MIR399f	-0.403249861527316	-0.403249861527316	-0.403249861527316	0.0453413065365443	-0.403249861527316	3.34603848855794	0.529182667409299	-0.403249861527316	-0.403249861527316	-0.235128659079311	-0.403249861527316	-0.0561850496786256	-0.403249861527316	-0.403249861527316	3.34603848855794	1.50990926701161	Leaf
zma-MIR399j	-0.352656330989346	-0.322963326759531	-0.370776078669063	-0.371433632101375	-0.377165073483933	3.32492552323556	-0.377165073483933	-0.366448796771986	-0.377165073483933	0.728918879817349	-0.370955238481285	-0.213892441815399	-0.199129750485576	-0.354093586527547	3.32492552323556	1.32439001789626	Leaf
zma-MIR827	-0.374046106242072	-0.338990415623321	-0.375480100478618	0.318592093075346	3.376837105238	0.213287621374543	-0.403463231852132	-0.394935685889907	-0.332712551897648	-0.394089950795242	-0.398231891324871	-0.130123228128572	-0.380575315282027	-0.386068342173484	3.376837105238	1.5552003514199	Endosperm
zma-MIR_N195a	0.52039121204731	-0.401568597937711	-0.230645480850217	-0.401568597937711	3.29860707220517	0.427333175974851	-0.401568597937711	-0.401568597937711	-0.401568597937711	-0.401568597937711	-0.401568597937711	-0.401568597937711	-0.401568597937711	-0.401568597937711	3.29860707220517	1.38534947402221	Endosperm
zma-MIR_N196a	-0.338572950317388	-0.287050620807605	-0.370965199472978	-0.251497742656756	3.44389150903422	-0.25402895173263	0.0264226689796905	-0.336795455201343	0.0222078309669248	-0.370965199472978	-0.370965199472978	-0.312368982065185	-0.228346508308014	-0.370965199472978	3.44389150903422	1.50421736009877	Endosperm
zma-MIR2275_N2	3.43386462594758	-0.308379734727261	0.263432621972842	-0.308379734727261	-0.308379734727261	-0.308379734727261	-0.305120165920554	-0.308379734727261	-0.308379734727261	-0.308379734727261	-0.308379734727261	-0.308379734727261	-0.308379734727261	-0.308379734727261	3.43386462594758	0.572873305329466	Anther
zma-MIR_N17c	-0.271414938246163	-0.271414938246163	-0.271414938246163	-0.271414938246163	-0.271414938246163	-0.271414938246163	3.47412901100401	-0.271414938246163	-0.271414938246163	-0.271414938246163	-0.271414938246163	-0.224877051239632	-0.263687639056581	-0.271414938246163	3.47412901100401	0.116427293232929	Pollen
zma-MIR_N77a	-0.296392263864993	-0.346161797183546	-0.305526401049433	-0.370832061047387	-0.370832061047387	-0.217838445945895	-0.329029050422608	-0.19321648795283	3.37510480955588	-0.370832061047387	-0.370832061047387	0.538052003147741	-0.370832061047387	-0.370832061047387	3.37510480955588	1.42778686031893	Seed
zma-MIR_N83a	-0.405276278739525	-0.405276278739525	-0.405276278739525	-0.405276278739525	-0.405276278739525	3.12904614130147	-0.405276278739525	1.1740166608776	-0.405276278739525	-0.405276278739525	-0.405276278739525	-0.405276278739525	0.1549762639557	-0.405276278739525	3.12904614130147	1.26876610449768	Leaf
zma-MIR_N14a	3.25861124208517	-0.103841046812365	0.9070832093942	-0.399592363309319	-0.399592363309319	-0.399592363309319	-0.399592363309319	-0.399592363309319	-0.399592363309319	-0.342955812137461	-0.378013583360763	-0.399592363309319	-0.167433850825858	-0.376303615177689	3.25861124208517	1.48054716093157	Anther
zma-MIR_N14b	3.25861124208517	-0.103841046812365	0.9070832093942	-0.399592363309319	-0.399592363309319	-0.399592363309319	-0.399592363309319	-0.399592363309319	-0.399592363309319	-0.342955812137461	-0.378013583360763	-0.399592363309319	-0.167433850825858	-0.376303615177689	3.25861124208517	1.48054716093157	Anther
zma-MIR_N14c	3.25861124208517	-0.103841046812365	0.9070832093942	-0.399592363309319	-0.399592363309319	-0.399592363309319	-0.399592363309319	-0.399592363309319	-0.399592363309319	-0.342955812137461	-0.378013583360763	-0.399592363309319	-0.167433850825858	-0.376303615177689	3.25861124208517	1.48054716093157	Anther
zma-MIR_N23b	-0.267261241912424	-0.267261241912424	-0.267261241912424	-0.267261241912424	-0.267261241912424	-0.267261241912424	3.47439614486152	-0.267261241912424	-0.267261241912424	-0.267261241912424	-0.267261241912424	-0.267261241912424	-0.267261241912424	-0.267261241912424	3.47439614486152	-1.44269502490755e-08	Pollen
zma-MIR_N23a	-0.267261241912424	-0.267261241912424	-0.267261241912424	-0.267261241912424	-0.267261241912424	-0.267261241912424	3.47439614486152	-0.267261241912424	-0.267261241912424	-0.267261241912424	-0.267261241912424	-0.267261241912424	-0.267261241912424	-0.267261241912424	3.47439614486152	-1.44269502490755e-08	Pollen
zma-MIR_N124a	-0.0059699024999087	-0.31096530423766	-0.31096530423766	-0.19665793383104	3.46012124623663	-0.147840367529081	-0.31096530423766	-0.31096530423766	-0.31096530423766	-0.31096530423766	-0.31096530423766	-0.31096530423766	-0.31096530423766	-0.31096530423766	3.46012124623663	0.763585865988433	Endosperm
zma-MIR_N129a	-0.209929210112672	-0.332000851278223	-0.183498532823472	-0.128564403841565	3.46167882703603	-0.157255047436823	-0.332000851278223	-0.332000851278223	-0.332000851278223	-0.332000851278223	-0.332000851278223	-0.332000851278223	-0.332000851278223	-0.126424822595711	3.46167882703603	1.1102892060676	Endosperm
zma-MIR_N205a	3.47230196782972	-0.2797961232565	-0.151765480744414	-0.2797961232565	-0.2797961232565	-0.2797961232565	-0.2797961232565	-0.2797961232565	-0.2797961232565	-0.242779131263812	-0.2797961232565	-0.2797961232565	-0.2797961232565	-0.2797961232565	3.47230196782972	0.284350854047038	Anther
zma-MIR_N208a	3.18354363169111	-0.456916915618954	1.0113667503083	-0.456916915618954	0.0884325599725524	-0.0620332258144632	-0.456916915618954	-0.456916915618954	-0.456916915618954	-0.273747208015675	-0.456916915618954	-0.456916915618954	-0.456916915618954	-0.292227183190187	3.18354363169111	1.7837282992977	Anther
zma-MIR_N159a	0.0216590125611786	-0.400586547473151	-0.24833475310251	-0.284374055174999	3.42045656872777	-0.348073621870576	0.216311448246342	-0.400586547473151	-0.400586547473151	-0.400586547473151	-0.329237806393281	-0.277690439395648	-0.30169142399824	-0.266678739707427	3.42045656872777	1.65324634786833	Endosperm
zma-MIR_N180a	-0.289034880485015	-0.289034880485015	-0.289034880485015	-0.237001426970265	3.46731647480031	-0.289034880485015	-0.289034880485015	-0.289034880485015	-0.0509313624948796	-0.289034880485015	-0.289034880485015	-0.289034880485015	-0.289034880485015	-0.289034880485015	3.46731647480031	0.420897955246401	Endosperm
zma-MIR_N174a	-0.274540404241041	-0.313527992895794	-0.188440528356482	-0.180564724056265	3.46002718428193	0.00527040843400601	-0.313527992895794	-0.313527992895794	-0.313527992895794	-0.313527992895794	-0.313527992895794	-0.313527992895794	-0.313527992895794	-0.313527992895794	3.46002718428193	0.821906773603086	Endosperm
zma-MIR_N176a	-0.268099370948824	-0.268099370948824	-0.268099370948824	-0.268099370948824	3.47438146158358	-0.2571890101977	-0.268099370948824	-0.268099370948824	-0.268099370948824	-0.268099370948824	-0.268099370948824	-0.268099370948824	-0.268099370948824	-0.268099370948824	3.47438146158358	0.0286812247787664	Endosperm
zma-MIR_N178a	-0.267261241912424	-0.267261241912424	-0.267261241912424	-0.267261241912424	3.47439614486152	-0.267261241912424	-0.267261241912424	-0.267261241912424	-0.267261241912424	-0.267261241912424	-0.267261241912424	-0.267261241912424	-0.267261241912424	-0.267261241912424	3.47439614486152	-1.44269502490755e-08	Endosperm
zma-MIR169q	-0.25868442543625	-0.280327430437475	-0.262605918588531	-0.261386820065729	-0.280327430437475	3.47398873569736	-0.280327430437475	-0.276250520153893	-0.280327430437475	-0.227265808033616	-0.247957007005566	-0.27073983823569	-0.267461245990707	-0.280327430437475	3.47398873569736	0.367547663069502	Leaf
zma-MIR171b	-0.301807193795875	-0.24992424510535	-0.295960155058945	-0.193634521497955	3.47006354575025	-0.294648655206488	-0.289257215055546	-0.304407910613374	-0.285688457637846	-0.305046797872706	-0.302929528629883	-0.1798761241219	-0.1660326023827	-0.300850138771684	3.47006354575025	0.76191955092498	Endosperm
zma-MIR171b1	-0.301807193795875	-0.24992424510535	-0.295960155058945	-0.193634521497955	3.47006354575025	-0.294648655206488	-0.289257215055546	-0.304407910613374	-0.285688457637846	-0.305046797872706	-0.302929528629883	-0.1798761241219	-0.1660326023827	-0.300850138771684	3.47006354575025	0.76191955092498	Endosperm
zma-MIR171j	-0.301568741087503	-0.2502207189619	-0.295781986826021	-0.192976910784806	3.47012235077261	-0.294493497796547	-0.289148155860589	-0.304142643844725	-0.285616193251099	-0.30477494401185	-0.302679504360283	-0.180953418491698	-0.167144081948464	-0.300621553547128	3.47012235077261	0.758058605921801	Endosperm
zma-MIR399i	-0.351738941015525	-0.321081216321006	-0.370447396098056	-0.371126313325284	-0.377043968226393	3.3191819699531	-0.377043968226393	-0.366524290505697	-0.377043968226393	0.750436333834222	-0.370632376780944	-0.21255376203776	-0.217314240943796	-0.35706786208008	3.3191819699531	1.31005948324492	Leaf
zma-MIR399_N1	-0.379886006978403	-0.379886006978403	-0.379886006978403	-0.379886006978403	-0.379886006978403	3.02438326546477	-0.317073019066302	-0.379886006978403	-0.379886006978403	1.47143583036397	-0.379886006978403	-0.379886006978403	-0.379886006978403	-0.379886006978403	3.02438326546477	1.01758247484535	Leaf
zma-MIR399_N2	-0.379886006978403	-0.379886006978403	-0.379886006978403	-0.379886006978403	-0.379886006978403	3.02438326546477	-0.317073019066302	-0.379886006978403	-0.379886006978403	1.47143583036397	-0.379886006978403	-0.379886006978403	-0.379886006978403	-0.379886006978403	3.02438326546477	1.01758247484535	Leaf
zma-MIR_N50a	3.43722297370575	-0.326579493794022	0.179307069329461	-0.326579493794022	-0.326579493794022	-0.326579493794022	-0.287835301874327	-0.326579493794022	-0.326579493794022	-0.326579493794022	-0.326579493794022	-0.326579493794022	-0.0628998032206654	-0.326579493794022	3.43722297370575	0.878159022009567	Anther
zma-MIR_N56a	1.18944066555681	-0.364165941187369	3.16324709919223	-0.364165941187369	-0.364165941187369	-0.364165941187369	-0.364165941187369	-0.364165941187369	-0.364165941187369	-0.364165941187369	-0.364165941187369	-0.364165941187369	-0.346862411687987	-0.364165941187369	3.16324709919223	0.917939795158297	Early prophase meiocytes
zma-MIR_N58a	0.873592703060185	-0.346600479040895	3.28561304543056	-0.346600479040895	-0.346600479040895	-0.346600479040895	-0.346600479040895	-0.346600479040895	-0.346600479040895	-0.346600479040895	-0.346600479040895	-0.346600479040895	-0.346600479040895	-0.346600479040895	3.28561304543056	0.813586218354584	Early prophase meiocytes
zma-MIR_N47a	-0.267261241912424	-0.267261241912424	-0.267261241912424	-0.267261241912424	-0.267261241912424	-0.267261241912424	-0.267261241912424	3.47439614486152	-0.267261241912424	-0.267261241912424	-0.267261241912424	-0.267261241912424	-0.267261241912424	-0.267261241912424	3.47439614486152	-1.44269502490755e-08	Root
zma-MIR_N57a	-0.215399264811627	-0.361470424534779	-0.361470424534779	-0.361470424534779	3.26582238853746	-0.359027129034318	-0.361470424534779	-0.361470424534779	0.923308250656273	-0.361470424534779	-0.361470424534779	-0.361470424534779	-0.361470424534779	-0.361470424534779	3.26582238853746	0.999412572972829	Endosperm
zma-MIR_N13c	-0.302031436802413	-0.302031436802413	-0.302031436802413	-0.302031436802413	-0.186636047249765	-0.302031436802413	3.4581982497561	-0.302031436802413	-0.302031436802413	-0.302031436802413	-0.302031436802413	0.0507836023202134	-0.302031436802413	-0.302031436802413	3.4581982497561	0.591315904601526	Pollen
zma-MIR_N13a	-0.302031436802413	-0.302031436802413	-0.302031436802413	-0.302031436802413	-0.186636047249765	-0.302031436802413	3.4581982497561	-0.302031436802413	-0.302031436802413	-0.302031436802413	-0.302031436802413	0.0507836023202134	-0.302031436802413	-0.302031436802413	3.4581982497561	0.591315904601526	Pollen
zma-MIR_N13b	-0.302031436802413	-0.302031436802413	-0.302031436802413	-0.302031436802413	-0.186636047249765	-0.302031436802413	3.4581982497561	-0.302031436802413	-0.302031436802413	-0.302031436802413	-0.302031436802413	0.0507836023202134	-0.302031436802413	-0.302031436802413	3.4581982497561	0.591315904601526	Pollen
zma-MIR_N69a	-0.300849638396194	-0.341949226241219	-0.341949226241219	-0.19747335174889	3.44509403238524	0.112607480972887	-0.341949226241219	-0.264998786142743	-0.100075921617789	-0.341949226241219	-0.300659231763981	-0.341949226241219	-0.341949226241219	-0.341949226241219	3.44509403238524	1.27182302341731	Endosperm
zma-MIR_N70a	-0.28570321946803	-0.171716466611948	-0.28570321946803	-0.28570321946803	-0.28570321946803	-0.223923636620087	-0.28570321946803	-0.219492909368302	3.47216520728064	-0.28570321946803	-0.28570321946803	-0.28570321946803	-0.28570321946803	-0.28570321946803	3.47216520728064	0.421733979591664	Seed
zma-MIR_N75a	3.13684598725766	-0.385079701240484	1.2312060433884	-0.385079701240484	-0.385079701240484	-0.385079701240484	-0.140965299964546	-0.385079701240484	-0.385079701240484	-0.385079701240484	-0.385079701240484	-0.385079701240484	-0.376289718276671	-0.385079701240484	3.13684598725766	1.13956741964551	Anther
zma-MIR_N79a	0.478098573608199	-0.322751766570934	3.39437082352884	-0.322751766570934	-0.322751766570934	-0.32266309224374	-0.322751766570934	-0.322288639183965	-0.322751766570934	-0.322751766570934	-0.322751766570934	-0.322751766570934	-0.322751766570934	-0.322751766570934	3.39437082352884	0.675802346046353	Early prophase meiocytes
zma-MIR_N71a	-0.267261241912424	-0.267261241912424	-0.267261241912424	-0.267261241912424	-0.267261241912424	-0.267261241912424	-0.267261241912424	-0.267261241912424	3.47439614486152	-0.267261241912424	-0.267261241912424	-0.267261241912424	-0.267261241912424	-0.267261241912424	3.47439614486152	-1.44269502490755e-08	Seed
zma-MIR_N15b	-0.279838015275192	-0.287929172933322	-0.210050130749627	-0.287929172933322	-0.287929172933322	3.47030060598401	-0.287929172933322	-0.287929172933322	-0.287929172933322	-0.287929172933322	-0.274445351308152	-0.287929172933322	-0.114604552251137	-0.287929172933322	3.47030060598401	0.444937533122567	Leaf
zma-MIR_N15c	-0.279838015275192	-0.287929172933322	-0.210050130749627	-0.287929172933322	-0.287929172933322	3.47030060598401	-0.287929172933322	-0.287929172933322	-0.287929172933322	-0.287929172933322	-0.274445351308152	-0.287929172933322	-0.114604552251137	-0.287929172933322	3.47030060598401	0.444937533122567	Leaf
zma-MIR_N15a	-0.279838015275192	-0.287929172933322	-0.210050130749627	-0.287929172933322	-0.287929172933322	3.47030060598401	-0.287929172933322	-0.287929172933322	-0.287929172933322	-0.287929172933322	-0.274445351308152	-0.287929172933322	-0.114604552251137	-0.287929172933322	3.47030060598401	0.444937533122567	Leaf
zma-MIR_N11b	-0.345406960300574	-0.424559508759164	-0.170607111595381	-0.424559508759164	-0.424559508759164	-0.364725154400139	1.44248203972928	-0.245639422426168	-0.424559508759164	-0.424559508759164	-0.424559508759164	-0.373422661798983	3.02923583210611	-0.424559508759164	3.02923583210611	1.64046025108778	Tassel
zma-MIR_N116a	-0.274142984189885	-0.274142984189885	-0.274142984189885	-0.274142984189885	-0.274142984189885	-0.274142984189885	3.47338633456487	-0.274142984189885	-0.274142984189885	-0.274142984189885	-0.274142984189885	-0.18367052428625	-0.274142984189885	-0.274142984189885	3.47338633456487	0.161056162578642	Pollen
zma-MIR_N136a	-0.291740022325931	-0.291740022325931	-0.291740022325931	-0.291740022325931	-0.291740022325931	-0.291740022325931	3.46078685134278	-0.291740022325931	-0.291740022325931	-0.291740022325931	-0.291740022325931	-0.291740022325931	0.0400934165684005	-0.291740022325931	3.46078685134278	0.406550520411733	Pollen
zma-MIR_N142a	-0.267261241912424	-0.267261241912424	-0.267261241912424	-0.267261241912424	-0.267261241912424	-0.267261241912424	3.47439614486152	-0.267261241912424	-0.267261241912424	-0.267261241912424	-0.267261241912424	-0.267261241912424	-0.267261241912424	-0.267261241912424	3.47439614486152	-1.44269502490755e-08	Pollen
zma-MIR_N143a	-0.346183072321464	-0.306269717310489	-0.352443219372716	-0.352443219372716	-0.352443219372716	-0.352175621599891	0.448126934904101	-0.352443219372716	-0.352443219372716	-0.352443219372716	-0.289453958320303	-0.194430898220919	3.39651566305292	-0.241470013947656	3.39651566305292	1.17418555795882	Tassel
zma-MIR_N131a	-0.30461362229565	-0.30461362229565	-0.30461362229565	0.214348932799227	3.44101453474857	-0.30461362229565	-0.30461362229565	-0.30461362229565	-0.30461362229565	-0.30461362229565	-0.30461362229565	-0.30461362229565	-0.30461362229565	-0.30461362229565	3.44101453474857	0.534202274419975	Endosperm
zma-MIR_N17a	-0.296986601822318	-0.296986601822318	-0.296986601822318	-0.296986601822318	-0.0959415763647859	-0.271727890895088	3.46721113271826	-0.286051190692665	-0.296986601822318	-0.296986601822318	-0.296986601822318	-0.140611058364859	-0.296986601822318	-0.296986601822318	3.46721113271826	0.586485038158592	Pollen
zma-MIR_N144a	-0.265105471305602	-0.31281967748921	-0.31281967748921	-0.0725798031423658	3.46278124550033	-0.204503475255202	-0.31281967748921	-0.31281967748921	-0.31281967748921	-0.31281967748921	-0.31281967748921	-0.10521539839427	-0.31281967748921	-0.31281967748921	3.46278124550033	0.825853700305952	Endosperm
zma-MIR_N156a	-0.267261241912424	-0.267261241912424	-0.267261241912424	-0.267261241912424	3.47439614486152	-0.267261241912424	-0.267261241912424	-0.267261241912424	-0.267261241912424	-0.267261241912424	-0.267261241912424	-0.267261241912424	-0.267261241912424	-0.267261241912424	3.47439614486152	-1.44269502490755e-08	Endosperm
zma-MIR_N28b	-0.425090880686477	-0.425090880686477	-0.425090880686477	-0.38483647134036	0.173637385479418	-0.340427779967297	3.05432279751626	-0.425090880686477	-0.425090880686477	-0.425090880686477	-0.425090880686477	-0.425090880686477	1.32312199449028	-0.425090880686477	3.05432279751626	1.44124655246431	Pollen
zma-MIR_N28a	-0.425090880686477	-0.425090880686477	-0.425090880686477	-0.38483647134036	0.173637385479418	-0.340427779967297	3.05432279751626	-0.425090880686477	-0.425090880686477	-0.425090880686477	-0.425090880686477	-0.425090880686477	1.32312199449028	-0.425090880686477	3.05432279751626	1.44124655246431	Pollen
zma-MIR_N25a	-0.293530483418512	-0.208243997557607	-0.293530483418512	-0.293530483418512	-0.293530483418512	-0.277952918244348	-0.293530483418512	-0.167159478626917	3.47087770999391	-0.293530483418512	-0.284890213755634	-0.293530483418512	-0.184387234461315	-0.293530483418512	3.47087770999391	0.574604217348205	Seed
zma-MIR_N25b	-0.293530483418512	-0.208243997557607	-0.293530483418512	-0.293530483418512	-0.293530483418512	-0.277952918244348	-0.293530483418512	-0.167159478626917	3.47087770999391	-0.293530483418512	-0.284890213755634	-0.293530483418512	-0.184387234461315	-0.293530483418512	3.47087770999391	0.574604217348205	Seed
zma-MIR_N203a	0.711798219371781	-0.233201416844439	3.32930630721834	-0.364385549512264	-0.364385549512264	-0.364385549512264	-0.364385549512264	-0.364385549512264	-0.364385549512264	-0.364385549512264	-0.364385549512264	-0.364385549512264	-0.164047614623044	-0.364385549512264	3.32930630721834	1.13010116869521	Early prophase meiocytes
zma-MIR_N43a	-0.254594090850346	-0.321392331561005	-0.321392331561005	-0.321392331561005	3.44774231653579	-0.321392331561005	-0.321392331561005	-0.321392331561005	-0.321392331561005	-0.321392331561005	-0.321392331561005	-0.321392331561005	-0.0765280969832786	0.0973031869078805	3.44774231653579	0.851554568905218	Endosperm
zma-MIR_N185a	-0.0101381476314841	-0.40282267334918	0.317415013059597	-0.228426730694799	-0.323677102006211	-0.304083168396711	3.39478700976691	-0.387042312571125	-0.40282267334918	-0.0418985214310907	-0.40282267334918	-0.40282267334918	-0.40282267334918	-0.40282267334918	3.39478700976691	1.79353677170716	Pollen
zma-MIR_N187a	-0.304709343288006	-0.304709343288006	-0.304709343288006	-0.304709343288006	-0.304709343288006	3.44082949270579	-0.304709343288006	-0.304709343288006	-0.304709343288006	-0.304709343288006	-0.304709343288006	-0.304709343288006	0.215682626750285	-0.304709343288006	3.44082949270579	0.535048146763928	Leaf
zma-MIR_N191a	-0.267261241912424	-0.267261241912424	-0.267261241912424	-0.267261241912424	-0.267261241912424	-0.267261241912424	3.47439614486152	-0.267261241912424	-0.267261241912424	-0.267261241912424	-0.267261241912424	-0.267261241912424	-0.267261241912424	-0.267261241912424	3.47439614486152	-1.44269502490755e-08	Pollen
zma-MIR_N199a	0.237956983487271	-0.380830572839373	-0.126613018722887	0.165955550195741	3.39687001369112	-0.269438086986217	-0.380830572839373	-0.358086858950045	-0.380830572839373	-0.380830572839373	-0.380830572839373	-0.380830572839373	-0.380830572839373	-0.380830572839373	3.39687001369112	1.40927240626065	Endosperm
zma-MIR_N183a	0.199735644581431	-0.303562005367949	3.44300841983396	-0.303562005367949	-0.303562005367949	-0.303562005367949	-0.303562005367949	-0.303562005367949	-0.303562005367949	-0.303562005367949	-0.303562005367949	-0.303562005367949	-0.303562005367949	-0.303562005367949	3.44300841983396	0.524821324076036	Early prophase meiocytes
zma-MIR_N193a	-0.104097930064066	-0.377061694770416	0.0475132981546123	-0.183831270865561	3.42745425447932	0.0855899334181236	-0.377061694770416	-0.352973767000732	-0.377061694770416	-0.280222654728787	-0.377061694770416	-0.377061694770416	-0.377061694770416	-0.377061694770416	3.42745425447932	1.50923376770694	Endosperm
zma-MIR159h	0.379362596652664	-0.40936068663506	0.395397231877693	-0.402732059944524	-0.374155858400372	-0.402185864608489	3.33695761956761	-0.388758733187531	-0.416352412523404	-0.416352412523404	-0.406523532137133	-0.259969921931455	-0.302725865873658	-0.332600100332933	3.33695761956761	1.6775186643886	Pollen
zma-MIR159i	0.379362596652664	-0.40936068663506	0.395397231877693	-0.402732059944524	-0.374155858400372	-0.402185864608489	3.33695761956761	-0.388758733187531	-0.416352412523404	-0.416352412523404	-0.406523532137133	-0.259969921931455	-0.302725865873658	-0.332600100332933	3.33695761956761	1.6775186643886	Pollen
zma-MIR164b	-0.38004938482919	-0.271001416612617	-0.384765060638473	-0.337609699217357	-0.34228591517116	-0.109250184637456	-0.385873418572061	-0.0639806768663259	-0.0825389781228048	-0.386324811230124	-0.33851708656677	3.44931659932629	-0.216592283146912	-0.15052768371504	3.44931659932629	1.76610953270673	Silk
