1	81894502	82555900	block1
1	82101538	82831156	block2
1	84333107	85071731	block3
1	90294606	90967952	block4
1	187062728	189264278	block5
1	246355269	246989769	block6
1	254163281	255869733	block7
1	261077266	261541500	block8
1	263076369	264230469	block9
10	67591281	69204017	block10
2	177013	941256	block11
2	177013	948157	block12
2	1331815	1538885	block13
2	1669667	1772177	block14
2	1914398	2127623	block15
2	2260689	2636464	block16
2	3079742	3567634	block17
2	3082135	3567634	block18
2	3608500	3823597	block19
2	3798425	3823597	block20
2	3891754	4133568	block21
2	5014035	5513351	block22
2	5787944	5989056	block23
2	6125631	6301313	block24
2	6572597	6896404	block25
2	6655716	6896404	block26
2	8982700	9062934	block27
2	9427786	9678050	block28
2	10111621	10215266	block29
2	10493276	11664008	block30
2	10906553	11336305	block31
2	12046693	12292259	block32
2	12400607	13196789	block33
2	13572921	13645733	block34
2	14789945	15068632	block35
2	15128569	15882300	block36
2	16288151	16774324	block37
2	17058294	17688808	block38
2	20400045	20516932	block39
2	21270252	21851141	block40
2	22573573	22832475	block41
2	22932855	23532605	block42
2	23558393	24826490	block43
2	28068053	28226242	block44
2	28260818	29441582	block45
2	31358098	31873109	block46
2	32680628	33101737	block47
2	34338150	35246950	block48
2	36851196	38268572	block49
2	38668117	39100237	block50
2	40363341	41646269	block51
2	42619556	44102152	block52
2	45893374	46330265	block53
2	46384197	47867299	block54
2	48114954	49655697	block55
2	48114954	50483827	block56
2	52987971	53668427	block57
2	54348084	56421182	block58
2	56683423	58879147	block59
2	59723085	60203990	block60
2	59723085	60532796	block61
2	60917300	62263540	block62
2	62770849	65023759	block63
2	66818018	69688242	block64
2	71151187	75056576	block65
2	84497779	84509791	block66
2	84499158	84509791	block67
2	117221663	117421785	block68
2	182138807	182515859	block69
2	191187792	191462359	block70
2	191755239	192921478	block71
2	193308031	193729801	block72
2	196801644	197298592	block73
2	198119775	198520589	block74
2	219725657	220345412	block75
2	223537562	223807681	block76
2	239242071	239377172	block77
3	48286239	49332591	block78
3	109762952	112354900	block79
3	115221999	116080197	block80
3	116330180	118105266	block81
3	119832778	121301384	block82
3	122414992	123767232	block83
3	126577874	127518431	block84
3	129152859	129604705	block85
3	129822383	131553763	block86
3	133967231	134693478	block87
3	138465957	139135803	block88
3	140591376	142278680	block89
3	186516911	187198778	block90
3	234224445	234430930	block91
3	234864889	235068500	block92
4	4935434	5413221	block93
4	15799019	16085211	block94
4	24150566	24900086	block95
4	27755179	27945250	block96
4	27755179	28142414	block97
4	30894087	31327059	block98
4	32683852	33026750	block99
4	43540465	44643818	block100
4	43697744	44845655	block101
4	46818268	48977547	block102
4	50010024	51280900	block103
4	53638500	54200783	block104
4	54198149	56194941	block105
4	57683950	59679787	block106
4	57683950	60161157	block107
4	62584041	64848362	block108
4	65387724	66090079	block109
4	71977812	74519623	block110
4	76138362	77464649	block111
4	80218415	80730208	block112
4	81873809	84248680	block113
4	85202061	85968523	block114
4	86093143	86645924	block115
4	86983204	88243507	block116
4	125665547	127894804	block117
4	146406077	147448710	block118
4	149500163	150352758	block119
4	150569172	152674129	block120
4	155229107	156032834	block121
4	155229107	156985451	block122
4	158731472	159112469	block123
4	159245530	160039275	block124
4	159245530	160042499	block125
4	159428591	160476163	block126
4	160469075	160598830	block127
4	187992379	189229645	block128
4	190405622	191056875	block129
4	190493066	190842077	block130
4	191984692	192870326	block131
4	192322072	193205762	block132
4	197452172	198313330	block133
4	201411246	202009348	block134
4	202307193	202599126	block135
4	202868717	203510623	block136
4	209194343	210327792	block137
4	214130159	214494786	block138
4	216311874	219113801	block139
4	217387420	218598417	block140
4	219495817	220845731	block141
4	220339333	220718653	block142
5	925538	1282670	block143
5	1642983	1882638	block144
5	1908611	2165262	block145
5	2169425	2460184	block146
5	2871375	2979100	block147
5	3489685	3902288	block148
5	4062561	4316409	block149
5	4364258	4455903	block150
5	4706403	5141094	block151
5	5150016	5454893	block152
5	5342045	5382055	block153
5	5551184	6176395	block154
5	6187214	6432673	block155
5	6552664	6651767	block156
5	6795974	6943695	block157
5	6952560	7143024	block158
5	7994375	8293556	block159
5	8526165	8901769	block160
5	8966512	9464073	block161
5	10093112	10406749	block162
5	10497920	10718081	block163
5	10829129	11330132	block164
5	10874552	11330132	block165
5	11711073	12392037	block166
5	12771323	13614646	block167
5	13659732	13859319	block168
5	14031018	14400447	block169
5	14031018	14564010	block170
5	14031018	14592816	block171
5	14472448	14978709	block172
5	15312118	15567550	block173
5	15729004	16132021	block174
5	16248550	16656349	block175
5	16650307	17467595	block176
5	16650307	17667019	block177
5	16891018	17667019	block178
5	18591849	19018192	block179
5	19598795	19930072	block180
5	19885234	20165893	block181
5	20611347	21328043	block182
5	21883640	22104547	block183
5	22863529	23784581	block184
5	24011745	24430215	block185
5	24677388	25009819	block186
5	26132145	26413987	block187
5	26610428	27328082	block188
5	27690835	28801975	block189
5	28982317	29993487	block190
5	31254495	31810166	block191
5	33834354	34320064	block192
5	33834370	34320064	block193
5	35940270	38436839	block194
5	68367102	69107678	block195
5	69320401	69617616	block196
5	71247698	72081992	block197
5	74823946	75296003	block198
5	76538946	76964474	block199
5	88306260	89129176	block200
5	91982760	93601927	block201
5	98401621	100773030	block202
5	101139180	104219880	block203
5	118084384	121146388	block204
5	124314950	126375854	block205
5	126813815	128735627	block206
5	141277626	142443687	block207
5	142984210	144952247	block208
5	145557663	148110524	block209
5	157723874	159337835	block210
5	161084233	161325730	block211
5	166681960	167862468	block212
5	169748307	169948935	block213
5	171168945	172048681	block214
5	173616247	174196472	block215
5	173772156	174731293	block216
5	174196062	174794175	block217
5	174196062	174794175	block218
5	175021336	176109674	block219
5	179287764	179686031	block220
5	180142976	181269821	block221
5	181711057	182346431	block222
5	183328560	183935839	block223
5	184141199	184496150	block224
5	184390287	185263681	block225
5	184659903	185270578	block226
5	185269574	185771768	block227
5	186771251	187077998	block228
5	187805290	188699113	block229
5	190049317	190308482	block230
5	190539039	191244735	block231
5	190539039	192192962	block232
5	191017439	192052659	block233
5	191619517	192052659	block234
5	192698105	195720442	block235
5	193677993	194999575	block236
5	193776810	194999575	block237
5	195097710	195767455	block238
5	195097710	196014634	block239
5	195097710	196090093	block240
5	196012063	197822959	block241
5	196743195	197361252	block242
5	196743195	197523249	block243
5	198936195	199524126	block244
5	199880256	201437657	block245
5	200131966	203345939	block246
5	203614656	204182126	block247
5	204020747	204750778	block248
5	204966026	205106370	block249
5	205945172	206304043	block250
5	206381428	207097703	block251
5	207513991	208841407	block252
5	208985746	209137378	block253
5	209365697	209545159	block254
5	210005007	210211827	block255
5	210665882	210914309	block256
5	212254924	212793282	block257
5	213495985	214569663	block258
5	214611164	215049360	block259
5	215542679	215878567	block260
5	216018068	216420205	block261
5	216447232	217372112	block262
5	217813600	218005468	block263
5	218337656	218358734	block264
5	218433161	218940712	block265
5	219005750	219234607	block266
5	219714232	220041519	block267
5	220246898	220403481	block268
5	220828825	221123570	block269
5	221804611	222229532	block270
6	171880	379260	block271
6	1387131	1593196	block272
6	1843572	2632216	block273
6	3087095	3286570	block274
6	6131241	9614308	block275
6	20284665	21270252	block276
6	85719226	86171818	block277
6	86302172	88358616	block278
6	88560439	88914839	block279
6	89296338	90879517	block280
6	91003697	91285443	block281
6	93085359	94027794	block282
6	98375879	99518797	block283
6	114233341	114643789	block284
6	115204635	115852097	block285
6	116315237	118050996	block286
6	116436142	117727409	block287
6	119869697	120263048	block288
6	132162471	132468905	block289
6	136194623	136410359	block290
6	145000723	146338774	block291
6	145095147	145632801	block292
6	151282162	151944705	block293
6	152782185	153061984	block294
6	153208694	153484444	block295
6	154170120	154396570	block296
6	154872656	155607181	block297
6	155903008	156252963	block298
6	156302618	156458833	block299
6	157247855	158361308	block300
6	159774198	159914041	block301
6	164285587	164517089	block302
6	167441439	167988002	block303
6	168636536	169139646	block304
6	169711274	169867056	block305
7	2056595	3068822	block306
7	6104753	6699908	block307
7	6104753	6699908	block308
7	6806891	7454129	block309
7	9625026	11060942	block310
7	10202518	11249769	block311
7	12859811	12875026	block312
7	15496086	16907026	block313
7	15824858	16654119	block314
7	19771814	24039642	block315
7	25301904	27572184	block316
7	38302913	40700052	block317
7	51335546	53422972	block318
7	81047310	83023636	block319
7	91457382	92671232	block320
7	101487756	103981916	block321
7	102313104	105509260	block322
7	102493644	103697367	block323
7	108177713	109394062	block324
7	111641947	112561363	block325
7	111641947	113096181	block326
7	114908107	116167561	block327
7	115407298	119113250	block328
7	119717066	121240891	block329
7	122586153	124133445	block330
7	124482034	126641077	block331
7	127456648	129461889	block332
7	128444311	129919702	block333
7	129524625	130167630	block334
7	130467272	132455871	block335
7	130581051	132122384	block336
7	132733577	133509768	block337
7	134352325	137276974	block338
7	136683855	137265342	block339
7	137377035	138060944	block340
7	137494252	138145375	block341
7	140181416	140508260	block342
7	140181416	140789946	block343
7	140181416	140796635	block344
7	141402119	142149285	block345
7	141851377	142492902	block346
7	143618453	144111056	block347
7	145425183	145830759	block348
7	145879640	146566987	block349
7	146829812	147360213	block350
7	147632988	148071199	block351
7	148227448	148769668	block352
7	149327452	149588831	block353
7	151061889	151712088	block354
7	154481911	155419963	block355
7	155405916	155747869	block356
7	155738190	156211040	block357
7	156435644	156890476	block358
7	157216257	157745099	block359
7	158520260	158754847	block360
7	158781343	158969472	block361
7	159691115	160894493	block362
7	161994652	162642790	block363
7	162865007	163077807	block364
7	163524207	163679869	block365
7	164100462	164319208	block366
7	164638794	165277173	block367
7	165505417	167480467	block368
7	167509926	167725131	block369
7	167813627	168232728	block370
7	172321550	172761322	block371
7	175011793	176159972	block372
7	176170340	176443576	block373
7	176433139	176443576	block374
7	176436073	176586461	block375
7	177702996	178052273	block376
7	178470096	178667092	block377
7	178470096	178667092	block378
7	179964493	180084987	block379
7	180055377	180237283	block380
7	180553678	181114739	block381
7	181391663	182156333	block382
8	559836	1591095	block383
8	774348	1237892	block384
8	1665586	2071350	block385
8	3340983	3681774	block386
8	3775905	4314124	block387
8	5225241	6083509	block388
8	6699268	7127483	block389
8	7246658	8016415	block390
8	8455619	8698597	block391
8	8814416	9193954	block392
8	10292770	11032221	block393
8	11669040	15174351	block394
8	16896160	17319271	block395
8	17394971	17876311	block396
8	17925573	18248904	block397
8	19449070	19839400	block398
8	20196410	20547496	block399
8	20773329	21640580	block400
8	22462215	23222877	block401
8	23393783	24128896	block402
8	25111306	27195259	block403
8	29224031	30108276	block404
8	30237730	30845732	block405
8	35426955	37519518	block406
8	35426955	37568528	block407
8	40268127	41101007	block408
8	63278905	65150642	block409
8	63827674	64593593	block410
8	63827674	64593593	block411
8	65431691	68257937	block412
8	65431691	69413106	block413
8	68556727	69413106	block414
8	69440230	70022446	block415
8	70664935	72074069	block416
8	72861251	73145044	block417
8	73344378	74349319	block418
8	75778361	76825561	block419
8	76319864	77017094	block420
8	76319864	77017094	block421
8	77060226	77728045	block422
8	94987722	95380337	block423
8	97426823	98054753	block424
8	98130878	98862302	block425
8	102731520	103902224	block426
8	103715746	104225546	block427
8	103948490	104358870	block428
8	105572675	107187548	block429
8	107398664	108954850	block430
8	110966670	111708036	block431
8	113059426	113894512	block432
8	116647609	117391457	block433
8	118976815	120114563	block434
8	121532075	121845619	block435
8	122164394	122405750	block436
8	122781077	123099717	block437
8	122974459	123106253	block438
8	122977749	124073178	block439
8	127859637	128195039	block440
8	128212334	128529818	block441
8	128602960	128820948	block442
8	132649298	133743726	block443
8	134761110	135541769	block444
8	135531623	136180004	block445
8	137153564	137412332	block446
8	137530714	138019361	block447
8	137738410	138019361	block448
8	139153489	139416681	block449
8	140372645	140689035	block450
8	142037667	142597887	block451
8	143024991	143027595	block452
8	143024991	143027678	block453
8	143047007	143871146	block454
8	144163335	144736633	block455
8	145118242	146364059	block456
8	146414891	147231612	block457
8	147535582	148199963	block458
8	148421405	148711236	block459
8	149387719	149932975	block460
8	150240832	150434378	block461
8	150483046	151893004	block462
8	150860389	151688899	block463
8	151867004	151893004	block464
8	151871781	151893004	block465
8	152073777	152824058	block466
8	152925575	154485979	block467
8	153159253	154130258	block468
8	154585206	155295365	block469
8	155682044	155819300	block470
8	155808186	155819050	block471
8	156255174	156548901	block472
8	156535491	157137214	block473
8	157266670	158167961	block474
8	157385962	159461104	block475
8	159668153	160444246	block476
8	160671478	161009617	block477
8	160680992	161009617	block478
8	161710731	162065109	block479
8	162227066	162652924	block480
8	162806158	162949576	block481
8	163443954	163870179	block482
8	163949770	164115261	block483
8	164160783	164368236	block484
8	164431996	164599972	block485
8	164981703	165576157	block486
8	165881341	166374240	block487
8	166419441	166626005	block488
8	166903784	167766518	block489
8	168304161	168507428	block490
8	168709155	168893427	block491
8	169183995	169524821	block492
8	169548686	169944554	block493
8	170042407	170163690	block494
8	170419834	171225491	block495
8	170751693	171777041	block496
8	171085931	171685974	block497
8	171642092	172079778	block498
8	171824647	172043256	block499
8	172366317	173274935	block500
8	174164451	174632953	block501
8	174714152	175095108	block502
8	174781052	175447211	block503
8	175178448	175903370	block504
8	175394214	175521733	block505
8	175871980	176062771	block506
8	175931995	176095416	block507
8	176088604	176206678	block508
8	176311561	177066216	block509
8	176482256	176684273	block510
8	177166352	177295194	block511
8	178362968	178792477	block512
8	178952194	179123845	block513
8	179510785	179537617	block514
8	180032771	180572646	block515
8	180640028	181003295	block516
9	1051437	1460293	block517
9	3516320	4445597	block518
9	4962626	6097099	block519
9	5086729	6455137	block520
9	7559021	8155761	block521
9	8440157	8673057	block522
9	10974164	11348399	block523
9	11788307	12381290	block524
9	13432181	14008431	block525
9	13998781	14112943	block526
9	16076449	16980682	block527
9	18816603	19197635	block528
9	20480787	21927719	block529
9	23152478	24935064	block530
9	25068087	25367840	block531
9	37488358	39450354	block532
9	62563988	66689218	block533
9	77253688	80199923	block534
9	77965034	79374220	block535
9	82889543	85537531	block536
9	97453262	98460079	block537
9	99815018	102393282	block538
9	100126563	101398671	block539
9	103756845	104675092	block540
9	106461519	107717844	block541
9	108884356	111512259	block542
9	109931171	111342315	block543
9	111795477	113387613	block544
9	115403294	115825415	block545
9	116625177	117206334	block546
9	117753042	118715864	block547
9	118776013	119372437	block548
9	120956980	121316802	block549
9	121697462	123674359	block550
9	125909832	126280666	block551
9	126282233	126974183	block552
9	127190158	127778338	block553
9	128051942	128557846	block554
9	128746966	129534348	block555
9	128746966	129565602	block556
9	130785671	130979856	block557
9	131189092	131496815	block558
9	131189092	131565607	block559
9	132232034	132524232	block560
9	133630197	134027671	block561
9	135224079	135793323	block562
9	136186178	136695172	block563
9	136758922	137029981	block564
9	137661761	138409480	block565
9	137661761	138451510	block566
9	138532061	139354855	block567
9	139360208	139692531	block568
9	139940833	140322083	block569
9	139940833	140325208	block570
9	140583224	140915999	block571
9	141267132	141773735	block572
9	141378956	141773735	block573
9	141397675	141790819	block574
9	141894368	142631686	block575
9	141894368	142720186	block576
9	142784674	143024842	block577
9	143469927	143839159	block578
9	144511753	144678212	block579
9	145099813	145467018	block580
9	145519253	147157252	block581
9	145659608	145895272	block582
9	147341750	148360531	block583
9	148453360	148749831	block584
9	148737292	148749831	block585
9	149599031	149846240	block586
9	150166601	150359419	block587
9	150599039	150687187	block588
9	150906244	151218644	block589
9	151711217	152407647	block590
9	152500496	153045292	block591
9	153119492	153376606	block592
9	153391149	153591051	block593
9	153611347	154666767	block594
9	154323933	154483447	block595
9	154675888	154796550	block596
9	154803932	154923450	block597
9	154976097	155214866	block598
9	155584163	155640617	block599
9	155701484	155826521	block600
9	155937006	156176572	block601
9	156669751	156991863	block602
9	156999728	157110330	block603
9	157164566	157496468	block604
9	157719329	157946341	block605
B73V4_ctg181	42239	317169	block606
B73V4_ctg182	40799	1234733	block607
B73V4_ctg182	118952	756484	block608
B73V4_ctg72	96426	118143	block609
Mt	60824	237477	block610
Pt	6392	62447	block611
