1	1834232	2111728	block4
1	2746560	2976665	block605
1	3371329	4135619	block604
1	3573592	3971850	block1
1	4347505	4535255	block603
1	4891941	5886519	block602
1	4909805	5423669	block3
1	6830189	7183019	block596
1	7356476	8163959	block597
1	8303121	8775855	block598
1	10755803	11164919	block599
1	11493442	11717433	block600
1	12073368	12542004	block601
1	14606634	16976701	block594
1	15060509	15402767	block6
1	16977427	17365148	block593
1	17534239	18006564	block592
1	18452604	20538997	block591
1	19169552	19586237	block72
1	21762666	22057416	block588
1	23004701	23363592	block589
1	24296664	25716968	block590
1	25739135	26045497	block587
1	26518072	26899602	block586
1	28394304	28404266	block585
1	28394304	28733871	block584
1	28789971	30563001	block583
1	31549185	34037102	block581
1	34109675	34659222	block580
1	35960723	36484756	block579
1	38045973	38519682	block578
1	39214417	39416908	block577
1	39752889	42054338	block576
1	40092410	42054338	block575
1	42392374	43446659	block572
1	44009770	45112378	block571
1	45286686	46010520	block569
1	45509205	46010520	block570
1	46374472	47403565	block568
1	46379816	47131445	block292
1	46498733	47153994	block90
1	47593784	49092710	block567
1	48930653	49601184	block379
1	48956888	49996330	block565
1	49060986	49996330	block566
1	51361873	51724945	block564
1	51840048	52523101	block563
1	53292903	54265438	block562
1	56040100	56220313	block561
1	56911616	57457157	block76
1	58743023	59444700	block560
1	60874661	61233075	block559
1	60932408	61233075	block558
1	61566371	62515794	block557
1	64685504	65586314	block75
1	64841861	65618755	block556
1	66242873	66594673	block549
1	67961720	69752499	block550
1	75904497	76589606	block551
1	77170376	78240905	block552
1	84665009	85782473	block553
1	86636723	88028624	block554
1	90315812	91257991	block548
1	91421690	92223983	block606
1	92897377	94349655	block547
1	95220245	97326540	block607
1	95642380	97097566	block608
1	97704588	100387952	block546
1	100631136	102221905	block545
1	119841732	123277143	block582
1	136727726	136742050	block312
1	148632544	150129919	block85
1	153224102	156421565	block84
1	168398650	169239548	block80
1	169641943	172414934	block81
1	172720562	173940379	block82
1	174840085	175269072	block83
1	175170717	177242746	block7
1	175985681	177583619	block79
1	176344673	177583619	block307
1	176354491	177583619	block177
1	178020971	179818430	block9
1	181576984	181858878	block8
1	181576984	181911591	block169
1	184545517	185177004	block134
1	185845156	186075037	block135
1	186729730	187625886	block5
1	188413470	189590043	block136
1	189440158	190276757	block339
1	192961113	194122452	block100
1	193834206	195068648	block73
1	193834206	195093628	block344
1	196931053	197548435	block102
1	196944583	198080707	block74
1	197109148	198130440	block346
1	198267972	198712975	block133
1	200647882	201398696	block70
1	201015465	202088927	block107
1	201947361	203011279	block71
1	202330757	203698905	block336
1	203990363	204537188	block103
1	207104389	207700891	block104
1	207932721	208242740	block105
1	209622553	210451349	block141
1	210749261	211568228	block109
1	212823188	214438217	block108
1	214573739	215249822	block116
1	215598100	216042407	block327
1	216009558	216782045	block115
1	217042907	217620934	block114
1	218157346	218619805	block325
1	218500368	219630243	block113
1	219763429	220464263	block111
1	220370300	220973279	block69
1	220370300	221085238	block321
1	221392314	222106935	block112
1	226214952	226576587	block183
1	227366297	228143644	block184
1	228443001	229506133	block185
1	229758915	230139179	block186
1	231640401	232017185	block187
1	232683683	233404301	block188
1	233439130	234476976	block189
1	234748713	235320917	block190
1	237434509	237885908	block191
1	241214429	242001486	block193
1	241214464	242001486	block192
1	246072293	246989769	block595
1	246131288	248679454	block194
1	248749850	249771444	block182
1	250040174	250214893	block181
1	251575915	252110327	block180
1	254163281	255092970	block178
1	259037600	259823963	block179
1	261049580	262688891	block170
1	261049580	262823055	block171
1	263068373	263334816	block173
1	263445530	263981944	block174
1	264224469	264936252	block175
1	265772411	266540972	block168
1	267004053	268784087	block167
1	270220517	272192279	block166
1	272366742	273053002	block164
1	272366742	273082485	block165
1	273462461	274044707	block163
1	274393660	275326923	block162
1	276812399	277359445	block161
1	277823249	278731028	block160
1	279386804	279986128	block159
1	281348543	281458003	block153
1	282747895	283164753	block158
1	283401692	284129120	block157
1	284545820	285213912	block156
1	285318804	285641310	block155
1	285707406	287678718	block154
1	288351818	288967461	block152
1	290267864	291359488	block151
1	292634306	293293079	block150
1	292764825	293408082	block310
1	293736542	294503676	block149
1	294730026	294980759	block77
1	294734061	295274479	block314
1	294871347	296069073	block148
1	297602199	297762410	block147
1	298696773	300198670	block146
1	298856307	299212569	block448
1	300277621	300932331	block145
1	301042700	301499383	block144
1	302967880	304719658	block143
1	306357142	306619591	block172
10	1102210	1503772	block129
10	1803867	2355371	block91
10	3851776	4192670	block92
10	4731068	5692472	block132
10	9501110	10636069	block89
10	16133077	16578261	block88
10	23244842	23897009	block86
10	26984361	28695428	block87
10	56996605	58207878	block98
10	63447244	65791616	block97
10	64620725	65791616	block31
10	66571406	69957190	block110
10	76465902	76954023	block99
10	86136391	88570425	block443
10	87223395	87975937	block78
10	87223395	88287509	block384
10	95587993	95863867	block68
10	98543924	98562882	block66
10	98545036	98562882	block67
10	109117980	110662344	block65
10	110941782	111871387	block64
10	112506341	113839673	block63
10	114247523	114703983	block62
10	114737888	115195221	block60
10	114817632	115195221	block61
10	115244133	116550361	block59
10	115526039	116550361	block217
10	116725257	117686765	block58
10	117865042	118151173	block57
10	118965141	120428389	block56
10	119451223	120428389	block55
10	120809943	121725606	block54
10	121757459	122549122	block53
10	121938353	122920021	block117
10	123600190	124517299	block52
10	125148907	125760086	block51
10	126186003	126536748	block50
10	126998866	127674922	block49
10	128391984	128657885	block48
10	129533350	129881147	block47
10	130349448	130918500	block46
10	132009732	133216744	block45
10	132101438	132246933	block234
10	133223116	133429161	block44
10	133737303	134559240	block43
10	133772841	134559240	block237
10	134571132	135068785	block42
10	134613069	135068785	block238
10	135289036	135572398	block41
10	135815743	136075531	block36
10	135815743	136246774	block126
10	136050474	136309017	block35
10	137258788	137661563	block37
10	137306305	138503041	block245
10	137485782	137920458	block2
10	137837686	138164812	block38
10	139917557	140620363	block122
10	140012416	140174508	block39
10	140281944	140620363	block243
10	140305186	140620363	block40
10	140696819	140899058	block34
10	141035852	141746414	block33
10	141782458	142054242	block32
10	141805408	142140760	block10
10	142152999	142981209	block30
10	143158098	143239309	block29
10	143365795	143623494	block28
10	143787170	143886909	block27
10	144990951	145158895	block25
10	144990951	145261316	block26
10	145453007	145641172	block24
10	145714149	145896309	block23
10	145971780	146566578	block22
10	147106136	147365225	block21
10	147370902	147387360	block20
10	147373072	147473948	block19
10	147743187	147981964	block17
10	147743187	147987946	block18
10	148189197	148415293	block16
10	148626768	148764012	block15
10	148904400	148934282	block14
10	149117799	149204436	block13
10	149327684	149624040	block12
10	149334756	149624040	block11
2	10897060	11336305	block96
2	13774186	14082176	block247
2	14429314	14796605	block127
2	15092180	15934512	block124
2	15128569	15934512	block125
2	16960148	17688808	block123
2	21270252	21851141	block121
2	21270252	21851141	block242
2	22815638	23364418	block239
2	22829245	23364418	block240
2	23558393	24775848	block120
2	23558393	25060900	block236
2	24521305	25139501	block119
2	28972298	29562480	block118
2	29020896	29635154	block233
2	30125952	31085509	block231
2	38811087	39384197	block225
2	45548103	46554303	block220
2	56683423	58222213	block218
2	61458115	62772001	block214
2	138648170	140813378	block137
2	144210411	145460405	block139
2	147984411	148589926	block131
2	150613977	151621142	block130
2	153762839	156887092	block128
2	162398257	165638781	block315
2	168006164	168642855	block318
2	173882572	174594505	block317
2	174943343	175511413	block316
2	177062468	177674817	block319
2	180222656	180782274	block320
2	182185442	183181551	block322
2	183315360	184027030	block324
2	185946481	187151755	block328
2	187355256	187837475	block329
2	188139025	189025399	block330
2	189128516	190479916	block331
2	190556326	191224017	block106
2	190556326	191462359	block332
2	191714175	192119593	block334
2	192223819	193310877	block335
2	193409296	193812792	block337
2	194261659	195583489	block338
2	195820545	196158893	block341
2	196576140	197105252	block101
2	196801644	197413573	block343
2	197749276	198346008	block345
2	199002446	199265111	block347
2	200049142	200276129	block348
2	200299417	200731433	block349
2	200830797	201334352	block350
2	201392617	201963813	block351
2	201970912	202413968	block352
2	202177331	202581346	block142
2	202416891	202649819	block382
2	202673092	203195885	block381
2	204244011	204490902	block354
2	205337599	205688979	block353
2	206393551	207743260	block355
2	207697678	208196090	block356
2	208170969	208479137	block357
2	208538743	208775583	block358
2	208880939	209236349	block359
2	209778893	210033956	block360
2	210096593	210172118	block361
2	210399412	210776119	block362
2	211261628	211701161	block363
2	211722746	211818346	block364
2	212461224	212689120	block365
2	212747709	212802294	block366
2	212884931	213337750	block367
2	213474073	215374416	block368
2	215409684	215723389	block369
2	215781719	215979001	block370
2	219168081	219353579	block371
2	220616598	221070781	block372
2	221312737	221685001	block373
2	221665987	221685001	block374
2	221668192	221853296	block375
2	222491397	222804812	block377
2	222491397	222806658	block378
2	223566294	223828133	block376
2	224615627	225014100	block380
2	227248651	227408310	block94
2	230051020	230340891	block95
2	232247367	232519618	block138
2	236537984	237024716	block93
2	239003852	239377172	block313
2	242255125	242416891	block309
2	243526105	244365931	block306
3	375942	834593	block405
3	1000060	1408040	block404
3	2195247	2932748	block403
3	3934183	4595872	block402
3	4746273	5119466	block290
3	5169077	6141058	block400
3	6554310	7401648	block399
3	8669487	8859407	block398
3	9345962	10363205	block289
3	10934023	11574229	block397
3	11696877	11922322	block396
3	12503835	13013782	block395
3	16635726	23254647	block394
3	24860217	25958048	block393
3	27840177	28019885	block392
3	28445354	29095973	block391
3	30449625	31633372	block390
3	32568091	33414644	block389
3	35197326	36418257	block388
3	38197170	39045214	block387
3	41018119	42335461	block386
3	44592976	45717980	block385
3	47226390	49901874	block383
3	54002335	55294903	block407
3	54061281	55294903	block406
3	59836792	61280845	block408
3	109762952	111920827	block176
3	109762952	112493612	block308
3	135291788	135603361	block276
3	143139530	143648900	block140
3	146669073	147733770	block479
3	148150835	149340629	block480
3	150113590	150293334	block481
3	150547662	152193919	block482
3	153354951	153856678	block483
3	154318091	155497328	block484
3	155843175	156421186	block485
3	158052199	159930038	block486
3	160015734	160478968	block487
3	160559043	161557554	block488
3	162503827	164038655	block489
3	167656061	168342723	block490
3	168688686	169240874	block491
3	170807642	171067596	block492
3	171628603	172749185	block493
3	171820874	173460228	block293
3	173127608	173799335	block494
3	174462566	176162512	block495
3	175635757	176162512	block427
3	178075692	178238659	block296
3	178114513	179532934	block498
3	178528531	179025714	block295
3	180792240	181379087	block425
3	180800501	181701897	block294
3	180847289	182295184	block500
3	182058142	182513989	block297
3	183872097	185336653	block501
3	184350082	184714362	block298
3	184418243	184686254	block574
3	184754605	185494746	block299
3	185400388	186401862	block502
3	186516911	187680124	block300
3	186516911	188388358	block504
3	186532719	187192789	block435
3	186795664	187172192	block291
3	188445233	189122235	block507
3	189115333	189315912	block508
3	189493724	192721201	block509
3	190398237	190789817	block438
3	190406975	190785347	block301
3	190784487	191717801	block439
3	193687899	193926309	block511
3	197331985	198495537	block512
3	198907070	199054706	block513
3	201656190	201991001	block514
3	202317889	202756771	block302
3	203516952	203933486	block516
3	204183297	204518066	block477
3	204988995	205917054	block476
3	206991601	209308636	block475
3	207959775	208654321	block410
3	210454436	210672584	block472
3	211902328	211913364	block471
3	211902328	212201413	block470
3	211908352	212471867	block303
3	212659674	213461066	block469
3	213742331	215537061	block467
3	213845543	214956605	block304
3	215637632	216971860	block466
3	217194960	217221785	block464
3	217194960	217221785	block465
3	217206715	219869567	block462
3	217222683	217932123	block305
3	220045091	220224519	block461
3	220748252	221313768	block460
3	221069092	221313768	block420
3	221791822	222169835	block459
3	222403426	223050176	block451
3	223073470	223715536	block454
3	224412929	224415672	block452
3	224412929	224415672	block453
3	225047876	225451650	block455
3	226310742	227772784	block456
3	227914874	229014942	block457
3	229134269	229577992	block458
3	230491202	230740436	block450
4	37784379	39002072	block275
4	40460402	40647793	block274
4	41257188	41546047	block273
4	41762428	42110020	block272
4	43894396	44845655	block342
4	58070649	60287025	block333
4	83104620	84782972	block326
4	98816261	101327809	block212
4	102471690	102570051	block213
4	112405749	116465801	block215
4	112999831	115126373	block216
4	116657649	119104843	block219
4	127298106	128999152	block221
4	129344494	130436743	block222
4	130884556	131919142	block223
4	132604437	133317401	block224
4	133502583	134318202	block226
4	134316744	135840574	block227
4	136927860	137284467	block228
4	138317330	140517268	block229
4	143546529	144440312	block230
4	144753085	147607269	block232
4	148030628	154088013	block235
4	154581528	156521000	block241
4	157417342	158252072	block244
4	158511901	160699050	block246
4	160961259	161766483	block248
4	162016341	162309722	block249
4	162532816	162883768	block250
4	162976680	163913636	block251
4	164536434	165883431	block252
4	166304848	166480883	block254
4	166707955	167036389	block253
4	168580085	168958815	block255
4	169867579	170142540	block256
4	173326133	173993556	block270
4	174850249	175260077	block269
4	175841862	176261476	block268
4	176416602	176744837	block267
4	176416602	176839911	block525
4	177091234	177961291	block266
4	177970070	178366789	block265
4	178515574	178526606	block264
4	179564558	179890174	block263
4	180301898	181202521	block262
4	181216608	181464448	block261
4	181470683	181717368	block260
4	182554160	182771140	block259
4	182772904	184366777	block519
4	183152024	184669195	block258
4	184794380	185652869	block286
4	184920711	185374494	block257
4	199611522	199810656	block271
4	203758689	204207242	block340
4	227321221	228104154	block207
4	228374551	229335844	block208
4	230677314	232076858	block209
4	234541275	235234958	block210
4	235105053	235760235	block536
4	236277077	236492978	block211
4	238009421	238259787	block204
4	238381582	238808976	block205
4	238980093	239192283	block206
4	239551954	239770791	block203
4	239807574	239934000	block202
4	240003935	240163487	block201
4	240798641	240975880	block200
4	243889035	244189875	block198
4	244547118	244612591	block199
4	245166759	245537164	block197
4	245923638	245966868	block196
4	246035480	246551838	block195
5	4310607	4389493	block311
5	42443374	43779688	block282
5	54178031	54831635	block281
5	57056485	58827188	block280
5	60843848	61119432	block279
5	61238778	64072007	block278
5	64816572	65196145	block277
5	87500416	89378854	block544
5	91106269	92108009	block543
5	94161284	97474378	block283
5	102453582	105053926	block539
5	153523441	155012535	block535
5	210045599	210207138	block288
5	212198363	212793282	block287
5	213815442	214042179	block323
5	214348706	214721681	block285
5	216100153	216320618	block284
6	25562247	28984271	block444
6	28939153	30768940	block445
6	35975772	36648597	block446
6	38040736	40186447	block447
6	46349988	46919504	block449
6	64825811	65218916	block531
6	66085913	69001195	block530
6	71144175	73479031	block529
6	76724492	77849185	block528
6	81087467	82194660	block527
6	97378208	98289311	block542
6	98375879	99185642	block541
6	99718990	100073677	block537
6	100159664	100879367	block538
6	101120031	101501242	block540
6	108315066	108816992	block534
6	109436100	110127101	block533
6	111326579	112017440	block524
6	111806713	112042123	block523
6	113745071	113985835	block522
6	114233341	114787313	block521
6	115198405	116066104	block520
6	116559368	117250307	block518
6	119093251	119267631	block517
6	123036294	124048961	block532
6	127027498	127261960	block526
6	129476281	129520629	block609
6	133844549	134216700	block431
6	135245432	135534158	block423
6	136122781	136410359	block401
6	136915711	137865104	block432
6	148055495	148557459	block433
6	150159465	150603595	block430
6	151070539	151944705	block429
6	152313700	152611300	block428
6	153208694	153623083	block499
6	154176244	154812744	block497
6	154176244	154859451	block426
6	154923549	155607181	block424
6	155615905	156294411	block434
6	157804341	158331059	block505
6	158825732	159138976	block436
6	159537757	159785429	block437
6	163537057	163788401	block442
6	163596976	163890916	block478
6	163898677	164181723	block441
6	164298566	164588542	block440
6	164327936	164736227	block515
6	165894810	166538152	block409
6	166302446	166506663	block474
6	166727943	167988002	block412
6	166727943	168206439	block413
6	166776865	166882698	block473
6	168033460	168206439	block414
6	168207473	168518145	block415
6	168690217	169139646	block416
6	168696882	169139646	block468
6	169300682	169398433	block417
6	169544014	170113034	block418
6	169778445	170243871	block463
6	170947114	171099656	block419
7	173466136	173960008	block555
8	102414118	104358870	block496
8	120764519	121841998	block503
8	122041931	122405750	block506
8	122974459	123212355	block510
8	148605654	148979037	block422
8	149387719	149540733	block421
8	157967829	158522014	block411
8	174360496	174418177	block573
B73V4_ctg134	5196	54432	block611
Mt	11111	164661	block610
